Training method: gradient_descent
Total training time: 1353.5018 seconds
[[ 963    0    6    1    1    6    9    3    5    6]
 [   0 1116    1    0    1    2    3    8    4    6]
 [   2    2  984   12    4    1    4   19    6    1]
 [   1    2    7  965    0   16    1    8   12    8]
 [   0    0    5    0  938    2    6    4    6   23]
 [   6    1    2    9    0  836   10    0    5    7]
 [   6    5    7    1    8   11  921    0    9    1]
 [   1    2    7   10    3    4    0  969    6   11]
 [   1    7   12    9    3   10    4    1  918    3]
 [   0    0    1    3   24    4    0   16    3  943]]
              precision    recall  f1-score   support

           0       0.98      0.96      0.97      1000
           1       0.98      0.98      0.98      1141
           2       0.95      0.95      0.95      1035
           3       0.96      0.95      0.95      1020
           4       0.96      0.95      0.95       984
           5       0.94      0.95      0.95       876
           6       0.96      0.95      0.96       969
           7       0.94      0.96      0.95      1013
           8       0.94      0.95      0.95       968
           9       0.93      0.95      0.94       994

    accuracy                           0.96     10000
   macro avg       0.95      0.95      0.95     10000
weighted avg       0.96      0.96      0.96     10000
