Training method: sgd
Total training time: 249.4873 seconds
[[ 965    0    4    1    1    6    9    2    5    7]
 [   0 1114    1    1    1    2    3    7    1    6]
 [   1    3  987    6    6    0    3   17    2    1]
 [   2    2    5  971    0   14    0    3   13   10]
 [   0    0    7    0  936    2    7    4    5   23]
 [   3    1    1   10    0  840    8    0    6    6]
 [   5    4    9    0    7   11  921    0    8    1]
 [   1    2    6   10    2    3    0  978    5   10]
 [   3    9   11    8    3    8    7    2  928    3]
 [   0    0    1    3   26    6    0   15    1  942]]
              precision    recall  f1-score   support

           0       0.98      0.96      0.97      1000
           1       0.98      0.98      0.98      1136
           2       0.96      0.96      0.96      1026
           3       0.96      0.95      0.96      1020
           4       0.95      0.95      0.95       984
           5       0.94      0.96      0.95       875
           6       0.96      0.95      0.96       966
           7       0.95      0.96      0.96      1017
           8       0.95      0.95      0.95       982
           9       0.93      0.95      0.94       994

    accuracy                           0.96     10000
   macro avg       0.96      0.96      0.96     10000
weighted avg       0.96      0.96      0.96     10000
